0 255 225 108 1.0 0 200.0 0.0 20.0 30.0
1 153 51 153 1.0 0 200.0 0.0 0.0 200.0 1.0 0.0 200.0 0.0 1.0
1 255 204 255 1.0 0 0.0 0.0 0.0 1.0 0.0 0.0 0.0 1.0 0.0
2 204 0 153 1.0 0 0.0 -70.0 0.0 1.0 -70.0 0.0 0.2
2 204 0 153 1.0 0 -280.0 0.0 0.0 -280.0 1.0 0.0 0.2
2 204 0 153 1.0 0 0.0 -66.0 0.0 1.0 -66.0 0.0 0.2
2 204 0 153 1.0 0 -264.0 0.0 0.0 -264.0 1.0 0.0 0.2
2 204 0 153 1.0 0 0.0 -62.0 0.0 1.0 -62.0 0.0 0.2
2 204 0 153 1.0 0 -248.0 0.0 0.0 -248.0 1.0 0.0 0.2
2 204 0 153 1.0 0 0.0 -58.0 0.0 1.0 -58.0 0.0 0.2
2 204 0 153 1.0 0 -232.0 0.0 0.0 -232.0 1.0 0.0 0.2
2 204 0 153 1.0 0 0.0 -54.0 0.0 1.0 -54.0 0.0 0.2
2 204 0 153 1.0 0 -216.0 0.0 0.0 -216.0 1.0 0.0 0.2
2 204 0 153 1.0 0 0.0 -50.0 0.0 1.0 -50.0 0.0 0.2
2 204 0 153 1.0 0 -200.0 0.0 0.0 -200.0 1.0 0.0 0.2
2 204 0 153 1.0 0 0.0 -46.0 0.0 1.0 -46.0 0.0 0.2
2 204 0 153 1.0 0 -184.0 0.0 0.0 -184.0 1.0 0.0 0.2
2 204 0 153 1.0 0 0.0 -42.0 0.0 1.0 -42.0 0.0 0.2
2 204 0 153 1.0 0 -168.0 0.0 0.0 -168.0 1.0 0.0 0.2
2 204 0 153 1.0 0 0.0 -38.0 0.0 1.0 -38.0 0.0 0.2
2 204 0 153 1.0 0 -152.0 0.0 0.0 -152.0 1.0 0.0 0.2
2 204 0 153 1.0 0 0.0 -34.0 0.0 1.0 -34.0 0.0 0.2
2 204 0 153 1.0 0 -136.0 0.0 0.0 -136.0 1.0 0.0 0.2
2 204 0 153 1.0 0 0.0 -30.0 0.0 1.0 -30.0 0.0 0.2
2 204 0 153 1.0 0 -120.0 0.0 0.0 -120.0 1.0 0.0 0.2
2 204 0 153 1.0 0 0.0 -26.0 0.0 1.0 -26.0 0.0 0.2
2 204 0 153 1.0 0 -104.0 0.0 0.0 -104.0 1.0 0.0 0.2
2 204 0 153 1.0 0 0.0 -22.0 0.0 1.0 -22.0 0.0 0.2
2 204 0 153 1.0 0 -88.0 0.0 0.0 -88.0 1.0 0.0 0.2
2 204 0 153 1.0 0 0.0 -18.0 0.0 1.0 -18.0 0.0 0.2
2 204 0 153 1.0 0 -72.0 0.0 0.0 -72.0 1.0 0.0 0.2
2 204 0 153 1.0 0 0.0 -14.0 0.0 1.0 -14.0 0.0 0.2
2 204 0 153 1.0 0 -56.0 0.0 0.0 -56.0 1.0 0.0 0.2
2 204 0 153 1.0 0 0.0 -10.0 0.0 1.0 -10.0 0.0 0.2
2 204 0 153 1.0 0 -40.0 0.0 0.0 -40.0 1.0 0.0 0.2
2 204 0 153 1.0 0 0.0 -6.0 0.0 1.0 -6.0 0.0 0.2
2 204 0 153 1.0 0 -24.0 0.0 0.0 -24.0 1.0 0.0 0.2
2 204 0 153 1.0 0 0.0 -2.0 0.0 1.0 -2.0 0.0 0.2
2 204 0 153 1.0 0 -8.0 0.0 0.0 -8.0 1.0 0.0 0.2
2 204 0 153 1.0 0 0.0 2.0 0.0 1.0 2.0 0.0 0.2
2 204 0 153 1.0 0 8.0 0.0 0.0 8.0 1.0 0.0 0.2
2 204 0 153 1.0 0 0.0 6.0 0.0 1.0 6.0 0.0 0.2
2 204 0 153 1.0 0 24.0 0.0 0.0 24.0 1.0 0.0 0.2
2 204 0 153 1.0 0 0.0 10.0 0.0 1.0 10.0 0.0 0.2
2 204 0 153 1.0 0 40.0 0.0 0.0 40.0 1.0 0.0 0.2
2 204 0 153 1.0 0 0.0 14.0 0.0 1.0 14.0 0.0 0.2
2 204 0 153 1.0 0 56.0 0.0 0.0 56.0 1.0 0.0 0.2
2 204 0 153 1.0 0 0.0 18.0 0.0 1.0 18.0 0.0 0.2
2 204 0 153 1.0 0 72.0 0.0 0.0 72.0 1.0 0.0 0.2
2 204 0 153 1.0 0 0.0 22.0 0.0 1.0 22.0 0.0 0.2
2 204 0 153 1.0 0 88.0 0.0 0.0 88.0 1.0 0.0 0.2
2 204 0 153 1.0 0 0.0 26.0 0.0 1.0 26.0 0.0 0.2
2 204 0 153 1.0 0 104.0 0.0 0.0 104.0 1.0 0.0 0.2
2 204 0 153 1.0 0 0.0 30.0 0.0 1.0 30.0 0.0 0.2
2 204 0 153 1.0 0 120.0 0.0 0.0 120.0 1.0 0.0 0.2
2 204 0 153 1.0 0 0.0 34.0 0.0 1.0 34.0 0.0 0.2
2 204 0 153 1.0 0 136.0 0.0 0.0 136.0 1.0 0.0 0.2
2 204 0 153 1.0 0 0.0 38.0 0.0 1.0 38.0 0.0 0.2
2 204 0 153 1.0 0 152.0 0.0 0.0 152.0 1.0 0.0 0.2
2 204 0 153 1.0 0 0.0 42.0 0.0 1.0 42.0 0.0 0.2
2 204 0 153 1.0 0 168.0 0.0 0.0 168.0 1.0 0.0 0.2
2 204 0 153 1.0 0 0.0 46.0 0.0 1.0 46.0 0.0 0.2
2 204 0 153 1.0 0 184.0 0.0 0.0 184.0 1.0 0.0 0.2
2 204 0 153 1.0 0 0.0 50.0 0.0 1.0 50.0 0.0 0.2
2 204 0 153 1.0 0 200.0 0.0 0.0 200.0 1.0 0.0 0.2
2 204 0 153 1.0 0 0.0 54.0 0.0 1.0 54.0 0.0 0.2
2 204 0 153 1.0 0 216.0 0.0 0.0 216.0 1.0 0.0 0.2
2 204 0 153 1.0 0 0.0 58.0 0.0 1.0 58.0 0.0 0.2
2 204 0 153 1.0 0 232.0 0.0 0.0 232.0 1.0 0.0 0.2
2 204 0 153 1.0 0 0.0 62.0 0.0 1.0 62.0 0.0 0.2
2 204 0 153 1.0 0 248.0 0.0 0.0 248.0 1.0 0.0 0.2
2 204 0 153 1.0 0 0.0 66.0 0.0 1.0 66.0 0.0 0.2
2 204 0 153 1.0 0 264.0 0.0 0.0 264.0 1.0 0.0 0.2
2 204 0 153 1.0 0 0.0 70.0 0.0 1.0 70.0 0.0 0.2
2 204 0 153 1.0 0 280.0 0.0 0.0 280.0 1.0 0.0 0.2
